&PARM#STAS
19      BB     MAXSMC   REFSMC   WLTSMC   SATPSI  SATDK       SATDW    QTZ
1,     2.79,   0.339,   0.236,   0.010,   0.069,  4.66E-5,  0.608E-6,  0.92, 'SAND'
2,     4.26,   0.421,   0.383,   0.028,   0.036,  1.41E-5,  0.514E-5,  0.82, 'LOAMY SAND'
3,     4.74,   0.434,   0.383,   0.047,   0.141,  5.23E-6,  0.805E-5,  0.60, 'SANDY LOAM'
4,     5.33,   0.476,   0.360,   0.084,   0.759,  2.81E-6,  0.239E-4,  0.25, 'SILT LOAM'
5,     5.33,   0.476,   0.383,   0.084,   0.759,  2.81E-6,  0.239E-4,  0.10, 'SILT'
6,     5.25,   0.439,   0.329,   0.066,   0.355,  3.38E-6,  0.143E-4,  0.40, 'LOAM'
7,     6.77,   0.404,   0.314,   0.067,   0.135,  4.45E-6,  0.990E-5,  0.60, 'SANDY CLAY LOAM'
8,     8.72,   0.464,   0.387,   0.120,   0.617,  2.03E-6,  0.237E-4,  0.10, 'SILTY CLAY LOAM'
9,     8.17,   0.465,   0.382,   0.103,   0.263,  2.45E-6,  0.113E-4,  0.35, 'CLAY LOAM'
10,   10.73,   0.406,   0.338,   0.100,   0.098,  7.22E-6,  0.187E-4,  0.52, 'SANDY CLAY'
11,   10.39,   0.468,   0.404,   0.126,   0.324,  1.34E-6,  0.964E-5,  0.10, 'SILTY CLAY'
12,   11.55,   0.468,   0.412,   0.138,   0.468,  9.74E-7,  0.112E-4,  0.25, 'CLAY'
13,    5.25,   0.439,   0.329,   0.066,   0.355,  3.38E-6,  0.143E-4,  0.05, 'ORGANIC MATERIAL'
14,     0.0,     1.0,     0.0,     0.0,     0.0,      0.0,       0.0,  0.60, 'WATER'
15,    2.79,    0.20,    0.17,   0.006,   0.069,  1.41E-4,  0.136E-3,  0.07, 'BEDROCK'
16,    4.26,   0.421,   0.283,   0.028,   0.036,  1.41E-5,  0.514E-5,  0.25, 'OTHER(land-ice)'
17,   11.55,   0.468,   0.454,   0.030,   0.468,  9.74E-7,  0.112E-4,  0.60, 'PLAYA'
18,    2.79,   0.200,    0.17,   0.006,   0.069,  1.41E-4,  0.136E-3,  0.52, 'LAVA'
19,    2.79,   0.339,   0.236,    0.01,   0.069,  4.66E-5,  0.608E-6,  0.92, 'WHITE SAND'

&PARM#STAS-RUC
19       BB,   MAXSMC   REFSMC   WLTSMC   SATPSI  SATDK       SATDW    QTZ
1,     4.05,   0.395,   0.174,   0.068,   0.121,  1.76E-4,  0.608E-6,  0.92, 'SAND'
2,     4.38,   0.410,   0.179,   0.075,   0.090,  1.56E-4,  0.514E-5,  0.82, 'LOAMY SAND'
3,     4.90,   0.435,   0.249,   0.114,   0.218,  3.47E-5,  0.805E-5,  0.60, 'SANDY LOAM'
4,     5.30,   0.485,   0.369,   0.179,   0.786,  7.20E-6,  0.239E-4,  0.25, 'SILT LOAM'
5,     5.30,   0.485,   0.369,   0.179,   0.786,  7.20E-6,  0.239E-4,  0.10, 'SILT'
6,     5.39,   0.451,   0.314,   0.155,   0.478,  6.95E-6,  0.143E-4,  0.40, 'LOAM'
7,     7.12,   0.420,   0.299,   0.175,   0.299,  6.30E-6,  0.990E-5,  0.60, 'SANDY CLAY LOAM'
8,     7.75,   0.477,   0.357,   0.218,   0.356,  1.70E-6,  0.237E-4,  0.10, 'SILTY CLAY LOAM'
9,     8.52,   0.476,   0.391,   0.250,   0.630,  2.45E-6,  0.113E-4,  0.35, 'CLAY LOAM'
10,   10.40,   0.426,   0.316,   0.219,   0.153,  2.17E-6,  0.187E-4,  0.52, 'SANDY CLAY'
11,   10.40,   0.492,   0.409,   0.283,   0.490,  1.03E-6,  0.964E-5,  0.10, 'SILTY CLAY'
12,   11.40,   0.482,   0.400,   0.286,   0.405,  1.28E-6,  0.112E-4,  0.25, 'CLAY'
13,    5.39,   0.451,   0.314,   0.155,   0.478,  6.95E-6,  0.143E-4,  0.05, 'ORGANIC MATERIAL'
14,     0.0,     1.0,     1.0,     0.0,     0.0,      0.0,       0.0,  0.00, 'WATER'
15,    4.05,   0.200,   0.10 ,   0.006,   0.121,  1.41E-4,  0.136E-3,  0.60, 'BEDROCK'
16,    4.90,   0.435,   0.249,   0.114,   0.218,  3.47E-5,  0.514E-5,  0.05, 'OTHER(land-ice)'
17,   11.40,   0.468,   0.454,   0.030,   0.468,  9.74E-7,  0.112E-4,  0.60, 'PLAYA'
18,    4.05,   0.200,    0.17,   0.060,   0.069,  1.41E-4,  0.136E-3,  0.52, 'LAVA'
19,    4.05,   0.339,   0.236,   0.060,   0.069,  1.76E-4,  0.608E-6,  0.92, 'WHITE SAND'

&COLOR
9,   ALBSAT-VIS, ALBSAT-NIR, ALBDRY-VIS, ALBDRY-NIR
1,         0.15,       0.30,       0.27,       0.54
2,         0.11,       0.22,       0.22,       0.44
3,         0.10,       0.20,       0.20,       0.40
4,         0.09,       0.18,       0.18,       0.36
5,         0.08,       0.16,       0.16,       0.32
6,         0.07,       0.14,       0.14,       0.28
7,         0.06,       0.12,       0.12,       0.24
8,         0.05,       0.10,       0.10,       0.20
9,         0.00,       0.00,       0.00,       0.00