&ISURBAN#USGS
1
&ISWATER#USGS
16
&ISBARREN#USGS
19
&ISICE#USGS
24
&ISEGBLF#USGS
13

&DESCRIPTION#USGS
 27, DESCRIPTION
  1, 'Urban and Built-Up Land'
  2, 'Dryland Cropland and Pasture'
  3, 'Irrigated Cropland and Pasture'
  4, 'Mixed Dryland/Irrigated Cropland and Pasture'
  5, 'Cropland/Grassland Mosaic'
  6, 'Cropland/Woodland Mosaic'
  7, 'Grassland'
  8, 'Shrubland'
  9, 'Mixed Shrubland/Grassland'
 10, 'Savanna'
 11, 'Deciduous Broadleaf Forest'
 12, 'Deciduous Needleleaf Forest'
 13, 'Evergreen Broadleaf Forest'
 14, 'Evergreen Needleleaf Forest'
 15, 'Mixed Forest'
 16, 'Water Bodies'
 17, 'Herbaceous Wetland'
 18, 'Wooded Wetland'
 19, 'Barren or Sparsely Vegetated'
 20, 'Herbaceous Tundra'
 21, 'Wooded Tundra'
 22, 'Mixed Tundra'
 23, 'Bare Ground Tundra'
 24, 'Snow or Ice'
 25, 'Playa'
 26, 'Lava'
 27, 'White Sand'

&RAD#USGS
 27,        XL,  RHOL-VIS,  RHOL-NIR,  RHOS-VIS,  RHOS-NIR,  TAUL-VIS,  TAUL-NIR,  TAUS-VIS,  TAUS-NIR,
  1,     0.000,     0.000,     0.000,     0.000,     0.000,     0.000,     0.000,     0.000,     0.000,
  2,    -0.300,     0.110,     0.580,     0.360,     0.580,     0.070,     0.250,     0.220,     0.380,
  3,    -0.300,     0.110,     0.580,     0.360,     0.580,     0.070,     0.250,     0.220,     0.380,
  4,    -0.300,     0.110,     0.580,     0.360,     0.580,     0.070,     0.250,     0.220,     0.380,
  5,    -0.300,     0.110,     0.580,     0.360,     0.580,     0.070,     0.250,     0.220,     0.380,
  6,    -0.300,     0.110,     0.580,     0.360,     0.580,     0.070,     0.250,     0.220,     0.380,
  7,    -0.300,     0.110,     0.580,     0.360,     0.580,     0.070,     0.250,     0.220,     0.380,
  8,     0.010,     0.070,     0.350,     0.160,     0.390,     0.050,     0.100,     0.001,     0.001,
  9,     0.250,     0.100,     0.450,     0.160,     0.390,     0.050,     0.100,     0.001,     0.001,
 10,     0.010,     0.100,     0.450,     0.160,     0.390,     0.050,     0.250,     0.001,     0.001,
 11,     0.250,     0.100,     0.450,     0.160,     0.390,     0.050,     0.250,     0.001,     0.001,
 12,     0.010,     0.070,     0.350,     0.160,     0.390,     0.050,     0.100,     0.001,     0.001,
 13,     0.010,     0.100,     0.450,     0.160,     0.390,     0.050,     0.250,     0.001,     0.001,
 14,     0.010,     0.070,     0.350,     0.160,     0.390,     0.050,     0.100,     0.001,     0.001,
 15,     0.250,     0.100,     0.450,     0.160,     0.390,     0.050,     0.250,     0.001,     0.001,
 16,     0.000,     0.000,     0.000,     0.000,     0.000,     0.000,     0.000,     0.000,     0.000,
 17,    -0.300,     0.110,     0.580,     0.360,     0.580,     0.070,     0.250,     0.220,     0.380,
 18,     0.250,     0.100,     0.450,     0.160,     0.390,     0.050,     0.250,     0.001,     0.001,
 19,     0.000,     0.000,     0.000,     0.000,     0.000,     0.000,     0.000,     0.000,     0.000,
 20,    -0.300,     0.100,     0.450,     0.160,     0.390,     0.050,     0.250,     0.220,     0.380,
 21,     0.250,     0.100,     0.450,     0.160,     0.390,     0.050,     0.250,     0.001,     0.001,
 22,     0.250,     0.100,     0.450,     0.160,     0.390,     0.050,     0.250,     0.001,     0.001,
 23,     0.250,     0.100,     0.450,     0.160,     0.390,     0.050,     0.250,     0.001,     0.001,
 24,     0.000,     0.000,     0.000,     0.000,     0.000,     0.000,     0.000,     0.000,     0.000,
 25,     0.250,     0.100,     0.450,     0.160,     0.390,     0.050,     0.250,     0.001,     0.001,
 26,     0.000,     0.000,     0.000,     0.000,     0.000,     0.000,     0.000,     0.000,     0.000,
 27,     0.000,     0.000,     0.000,     0.000,     0.000,     0.000,     0.000,     0.000,     0.000,

&LAI12M#USGS
 27,   LAI-JAN,   LAI-FEB,   LAI-MAR,   LAI-APR,   LAI-MAY,   LAI-JUN,   LAI-JUL,   LAI-AUG,   LAI-SEP,   LAI-OCT,   LAI-NOV,   LAI-DEC,
  1,     0.000,     0.000,     0.000,     0.000,     0.000,     0.000,     0.000,     0.000,     0.000,     0.000,     0.000,     0.000,
  2,     0.000,     0.000,     0.000,     0.000,     1.000,     2.000,     3.000,     3.000,     1.500,     0.000,     0.000,     0.000,
  3,     0.400,     0.500,     0.600,     0.700,     1.200,     3.000,     3.500,     1.500,     0.700,     0.600,     0.500,     0.400,
  4,     0.400,     0.500,     0.600,     0.700,     1.200,     3.000,     3.500,     1.500,     0.700,     0.600,     0.500,     0.400,
  5,     0.400,     0.500,     0.600,     0.700,     1.200,     3.000,     3.500,     1.500,     0.700,     0.600,     0.500,     0.400,
  6,     0.000,     0.000,     0.000,     0.500,     1.500,     2.500,     3.500,     3.500,     2.000,     1.000,     0.000,     0.000,
  7,     0.400,     0.500,     0.600,     0.700,     1.200,     3.000,     3.500,     1.500,     0.700,     0.600,     0.500,     0.400,
  8,     1.000,     1.000,     1.000,     1.000,     1.000,     1.000,     1.000,     1.000,     1.000,     1.000,     1.000,     1.000,
  9,     1.000,     1.000,     1.000,     1.500,     2.000,     2.500,     3.000,     2.500,     1.500,     1.000,     1.000,     1.000,
 10,     1.000,     1.000,     1.000,     1.000,     1.000,     1.000,     1.000,     1.000,     1.000,     1.000,     1.000,     1.000,
 11,     0.000,     0.000,     0.300,     1.200,     3.000,     4.700,     4.500,     3.400,     1.200,     0.300,     0.000,     0.000,
 12,     0.000,     0.000,     0.000,     0.600,     1.200,     2.000,     2.600,     1.700,     1.000,     0.500,     0.200,     0.000,
 13,     4.500,     4.500,     4.500,     4.500,     4.500,     4.500,     4.500,     4.500,     4.500,     4.500,     4.500,     4.500,
 14,     1.600,     1.600,     1.600,     1.600,     5.300,     5.500,     5.300,     5.300,     4.200,     2.200,     2.200,     2.200,
 15,     1.000,     1.000,     1.000,     1.000,     2.300,     3.500,     4.300,     3.300,     2.200,     1.200,     1.200,     1.200,
 16,     0.000,     0.000,     0.000,     0.000,     0.000,     0.000,     0.000,     0.000,     0.000,     0.000,     0.000,     0.000,
 17,     0.400,     0.500,     0.600,     0.700,     1.200,     3.000,     3.500,     1.500,     0.700,     0.600,     0.500,     0.400,
 18,     0.200,     0.400,     0.400,     0.400,     0.500,     0.700,     1.700,     3.000,     2.500,     1.600,     0.800,     0.400,
 19,     0.000,     0.000,     0.000,     0.000,     0.000,     0.000,     0.000,     0.000,     0.000,     0.000,     0.000,     0.000,
 20,     0.000,     0.000,     0.000,     0.200,     0.500,     1.000,     2.000,     1.000,     0.500,     0.200,     0.000,     0.000,
 21,     0.000,     0.000,     0.000,     0.200,     0.500,     1.000,     2.000,     1.000,     0.500,     0.200,     0.000,     0.000,
 22,     0.000,     0.000,     0.000,     0.200,     0.500,     1.000,     2.000,     1.000,     0.500,     0.200,     0.000,     0.000,
 23,     0.000,     0.000,     0.000,     0.000,     0.000,     0.000,     0.000,     0.000,     0.000,     0.000,     0.000,     0.000,
 24,     0.000,     0.000,     0.000,     0.000,     0.000,     0.000,     0.000,     0.000,     0.000,     0.000,     0.000,     0.000,
 25,     0.000,     0.000,     0.000,     0.000,     0.000,     0.000,     0.000,     0.000,     0.000,     0.000,     0.000,     0.000,
 26,     0.000,     0.000,     0.000,     0.000,     0.000,     0.000,     0.000,     0.000,     0.000,     0.000,     0.000,     0.000,
 27,     0.000,     0.000,     0.000,     0.000,     0.000,     0.000,     0.000,     0.000,     0.000,     0.000,     0.000,     0.000,

&SAI12M#USGS
 27,   SAI-JAN,   SAI-FEB,   SAI-MAR,   SAI-APR,   SAI-MAY,   SAI-JUN,   SAI-JUL,   SAI-AUG,   SAI-SEP,   SAI-OCT,   SAI-NOV,   SAI-DEC,
  1,     0.000,     0.000,     0.000,     0.000,     0.000,     0.000,     0.000,     0.000,     0.000,     0.000,     0.000,     0.000,
  2,     0.100,     0.100,     0.100,     0.100,     0.200,     0.300,     0.400,     0.500,     0.400,     0.100,     0.100,     0.100,
  3,     0.100,     0.100,     0.100,     0.100,     0.200,     0.300,     0.400,     0.500,     0.400,     0.100,     0.100,     0.100,
  4,     0.100,     0.100,     0.100,     0.100,     0.200,     0.300,     0.400,     0.500,     0.400,     0.100,     0.100,     0.100,
  5,     0.200,     0.200,     0.200,     0.200,     0.200,     0.200,     0.300,     0.500,     0.400,     0.200,     0.200,     0.200,
  6,     0.200,     0.200,     0.200,     0.200,     0.400,     0.400,     0.600,     0.400,     0.200,     0.200,     0.200,     0.200,
  7,     0.300,     0.300,     0.300,     0.300,     0.300,     0.400,     0.800,     1.300,     1.100,     0.400,     0.400,     0.400,
  8,     0.100,     0.100,     0.100,     0.100,     0.100,     0.200,     0.200,     0.100,     0.100,     0.100,     0.100,     0.100,
  9,     0.200,     0.200,     0.200,     0.200,     0.200,     0.300,     0.500,     0.800,     0.500,     0.200,     0.200,     0.200,
 10,     0.300,     0.300,     0.300,     0.300,     0.300,     0.400,     0.800,     1.200,     1.300,     0.900,     0.500,     0.400,
 11,     0.400,     0.400,     0.400,     0.400,     0.400,     0.400,     0.900,     1.200,     1.600,     1.400,     0.600,     0.400,
 12,     0.300,     0.300,     0.300,     0.400,     0.400,     0.700,     1.300,     1.200,     1.000,     0.800,     0.600,     0.500,
 13,     0.500,     0.500,     0.500,     0.500,     0.500,     0.500,     0.500,     0.500,     0.500,     0.500,     0.500,     0.500,
 14,     0.400,     0.400,     0.400,     0.300,     0.400,     0.500,     0.500,     0.600,     0.600,     0.700,     0.600,     0.500,
 15,     0.400,     0.400,     0.400,     0.400,     0.400,     0.400,     0.700,     0.800,     1.000,     1.000,     0.500,     0.400,
 16,     0.000,     0.000,     0.000,     0.000,     0.000,     0.000,     0.000,     0.000,     0.000,     0.000,     0.000,     0.000,
 17,     0.300,     0.300,     0.300,     0.300,     0.300,     0.400,     0.800,     1.300,     1.100,     0.400,     0.400,     0.400,
 18,     0.300,     0.300,     0.300,     0.300,     0.300,     0.400,     0.700,     1.000,     1.400,     1.200,     0.400,     0.300,
 19,     0.000,     0.000,     0.000,     0.000,     0.000,     0.000,     0.000,     0.000,     0.000,     0.000,     0.000,     0.000,
 20,     0.100,     0.100,     0.100,     0.100,     0.100,     0.200,     0.400,     0.600,     0.500,     0.200,     0.200,     0.200,
 21,     0.200,     0.200,     0.200,     0.200,     0.200,     0.200,     0.400,     0.600,     0.800,     0.700,     0.300,     0.200,
 22,     0.100,     0.100,     0.100,     0.100,     0.100,     0.200,     0.400,     0.600,     0.700,     0.500,     0.300,     0.200,
 23,     0.000,     0.000,     0.000,     0.000,     0.000,     0.000,     0.000,     0.000,     0.000,     0.000,     0.000,     0.000,
 24,     0.000,     0.000,     0.000,     0.000,     0.000,     0.000,     0.000,     0.000,     0.000,     0.000,     0.000,     0.000,
 25,     0.000,     0.000,     0.000,     0.000,     0.000,     0.000,     0.000,     0.000,     0.000,     0.000,     0.000,     0.000,
 26,     0.000,     0.000,     0.000,     0.000,     0.000,     0.000,     0.000,     0.000,     0.000,     0.000,     0.000,     0.000,
 27,     0.000,     0.000,     0.000,     0.000,     0.000,     0.000,     0.000,     0.000,     0.000,     0.000,     0.000,     0.000,

&DVEG#USGS
 27,       SLA,    DILEFC,    DILEFW,     FRAGR,    LTOVRC,     WRRAT,    WDPOOL,     TDLEF,
  1,    60.000,     0.000,     0.000,     0.000,     0.000,     0.000,     0.000,   278.000,
  2,    80.000,     0.500,     0.200,     0.200,     1.600,     0.000,     0.000,   278.000,
  3,    80.000,     0.500,     0.200,     0.200,     1.800,     0.000,     0.000,   278.000,
  4,    80.000,     0.500,     0.200,     0.200,     1.200,     0.000,     0.000,   278.000,
  5,    80.000,     0.350,     0.200,     0.200,     1.200,     0.000,     0.000,   278.000,
  6,    80.000,     0.200,     0.200,     0.200,     1.300,     0.000,     0.000,   278.000,
  7,    60.000,     0.200,     0.100,     0.200,     0.500,     0.000,     0.000,   278.000,
  8,    60.000,     0.200,     0.200,     0.200,     0.650,     3.000,     1.000,   278.000,
  9,    60.000,     0.500,     0.200,     0.200,     0.700,     3.000,     1.000,   278.000,
 10,    50.000,     0.500,     0.500,     0.200,     0.650,     3.000,     1.000,   278.000,
 11,    80.000,     0.600,     0.200,     0.200,     0.550,    30.000,     1.000,   278.000,
 12,    80.000,     1.800,     0.200,     0.100,     0.200,    30.000,     1.000,   268.000,
 13,    80.000,     0.500,     4.000,     0.200,     0.550,    30.000,     1.000,   278.000,
 14,    80.000,     1.200,     0.200,     0.100,     0.500,    30.000,     1.000,   278.000,
 15,    80.000,     0.800,     0.200,     0.100,     0.500,    30.000,     1.000,   268.000,
 16,     0.000,     0.000,     0.000,     0.000,     0.000,     0.000,     0.000,     0.000,
 17,    80.000,     0.400,     0.200,     0.100,     1.400,     0.000,     0.000,   268.000,
 18,    80.000,     0.400,     0.200,     0.100,     1.400,    30.000,     1.000,   268.000,
 19,     0.000,     0.000,     0.000,     0.100,     0.000,     0.000,     0.000,     0.000,
 20,    80.000,     0.400,     0.200,     0.100,     1.200,     0.000,     0.000,   268.000,
 21,    80.000,     0.300,     0.200,     0.100,     1.300,     3.000,     1.000,   268.000,
 22,    80.000,     0.400,     0.200,     0.100,     1.400,     3.000,     1.000,   268.000,
 23,    80.000,     0.300,     0.200,     0.100,     1.000,     0.000,     0.000,   268.000,
 24,     0.000,     0.000,     0.000,     0.000,     0.000,     0.000,     0.000,     0.000,
 25,    80.000,     0.300,     0.200,     0.100,     1.000,     0.000,     0.000,   268.000,
 26,     0.000,     0.000,     0.000,     0.000,     0.000,     0.000,     0.000,     0.000,
 27,     0.000,     0.000,     0.000,     0.000,     0.000,     0.000,     0.000,     0.000,

&PHYS#USGS
 27,     NROOT,   CANWMXP,     DLEAF,     Z0MVT,       HVT,       HVB,       DEN,    RCORWN,     CWPVT,
  1,         1,     0.100,     0.040,     1.000,    15.000,     1.000,     0.010,     1.000,     0.180,
  2,         3,     0.100,     0.040,     0.060,     0.500,     0.100,    25.000,     0.080,     0.180,
  3,         3,     0.100,     0.040,     0.060,     0.500,     0.100,    25.000,     0.080,     0.180,
  4,         3,     0.100,     0.040,     0.060,     0.500,     0.100,    25.000,     0.080,     0.180,
  5,         3,     0.100,     0.040,     0.060,     0.500,     0.100,    25.000,     0.080,     0.180,
  6,         3,     0.100,     0.040,     0.150,     1.250,     0.150,    25.000,     0.080,     0.180,
  7,         3,     0.100,     0.040,     0.060,     0.500,     0.050,   100.000,     0.030,     0.180,
  8,         3,     0.100,     0.040,     0.060,     0.500,     0.100,    10.000,     0.120,     0.180,
  9,         3,     0.100,     0.040,     0.060,     0.500,     0.100,    10.000,     0.120,     0.180,
 10,         3,     0.100,     0.040,     0.860,    16.000,     5.000,     0.020,     3.000,     0.180,
 11,         4,     0.100,     0.040,     0.800,    16.000,    11.500,     0.100,     1.400,     0.180,
 12,         4,     0.100,     0.040,     0.850,    18.000,     7.000,     0.280,     1.200,     0.180,
 13,         4,     0.100,     0.040,     1.100,    20.000,     8.000,     0.020,     3.600,     0.180,
 14,         4,     0.100,     0.040,     1.090,    20.000,     8.500,     0.280,     1.200,     0.180,
 15,         4,     0.100,     0.040,     0.800,    16.000,    10.000,     0.100,     1.400,     0.180,
 16,         0,     0.100,     0.040,     0.000,     0.000,     0.000,     0.010,     0.010,     0.180,
 17,         2,     0.100,     0.040,     0.060,     0.500,     0.050,    10.000,     0.100,     0.180,
 18,         2,     0.100,     0.040,     0.050,     0.800,     0.100,     0.100,     1.400,     0.180,
 19,         1,     0.100,     0.040,     0.000,     0.000,     0.000,     0.010,     0.010,     0.180,
 20,         3,     0.100,     0.040,     0.040,     0.500,     0.100,     1.000,     0.300,     0.180,
 21,         3,     0.100,     0.040,     0.060,     0.800,     0.100,     1.000,     0.300,     0.180,
 22,         3,     0.100,     0.040,     0.060,     0.800,     0.100,     1.000,     0.300,     0.180,
 23,         2,     0.100,     0.040,     0.030,     0.500,     0.100,     1.000,     0.300,     0.180,
 24,         1,     0.100,     0.040,     0.000,     0.000,     0.000,     0.000,     0.000,     0.180,
 25,         1,     0.100,     0.040,     0.010,     0.100,     0.100,     0.010,     0.010,     0.180,
 26,         0,     0.100,     0.040,     0.000,     0.000,     0.000,     0.010,     0.010,     0.180,
 27,         0,     0.100,     0.040,     0.000,     0.000,     0.000,     0.010,     0.010,     0.180,

&PHOTO#USGS
 27,      C3C4,       RGL,        HS,      KC25,       AKC,      KO25,       AKO,   VCMAX25,    AVCMAX,        BP,     RSMAX,     RSMIN,        MP,      QE25,       AQE,     RMF25,     RMS25,     RMR25,   FOLNMAX,      TOPT,      TMIN,        ARM,       MRP,
  1,         1,   999.000,   999.000,    30.000,     2.100, 30000.000,     1.200,     0.000,     2.400,  0.10E+16,  5000.000,   200.000,     9.000,     0.000,     1.000,     0.000,     0.000,     0.000,     0.000,   298.000,     0.000,     2.000,     0.000,
  2,         1,   100.000,    36.250,    30.000,     2.100, 30000.000,     1.200,    80.000,     2.400,  0.20E+04,  5000.000,    40.000,     9.000,     0.060,     1.000,     1.000,     0.100,     0.000,     1.500,   298.000,   273.000,     2.000,     0.230,
  3,         1,   100.000,    36.250,    30.000,     2.100, 30000.000,     1.200,    80.000,     2.400,  0.20E+04,  5000.000,    40.000,     9.000,     0.060,     1.000,     1.400,     0.100,     0.000,     1.500,   298.000,   273.000,     2.000,     0.230,
  4,         1,   100.000,    36.250,    30.000,     2.100, 30000.000,     1.200,    80.000,     2.400,  0.20E+04,  5000.000,    40.000,     9.000,     0.060,     1.000,     1.450,     0.100,     0.000,     1.500,   298.000,   273.000,     2.000,     0.230,
  5,         1,   100.000,    36.250,    30.000,     2.100, 30000.000,     1.200,    60.000,     2.400,  0.20E+04,  5000.000,    40.000,     9.000,     0.060,     1.000,     1.450,     0.100,     0.000,     1.500,   298.000,   273.000,     2.000,     0.230,
  6,         1,    65.000,    44.140,    30.000,     2.100, 30000.000,     1.200,    70.000,     2.400,  0.20E+04,  5000.000,    70.000,     9.000,     0.060,     1.000,     1.450,     0.100,     0.000,     1.500,   298.000,   273.000,     2.000,     0.230,
  7,         1,   100.000,    36.350,    30.000,     2.100, 30000.000,     1.200,    40.000,     2.400,  0.20E+04,  5000.000,    40.000,     9.000,     0.060,     1.000,     1.800,     0.100,     1.200,     1.500,   298.000,   273.000,     2.000,     0.170,
  8,         1,   100.000,    42.000,    30.000,     2.100, 30000.000,     1.200,    40.000,     2.400,  0.20E+04,  5000.000,   300.000,     9.000,     0.060,     1.000,     0.260,     0.100,     0.000,     1.500,   298.000,   273.000,     2.000,     0.190,
  9,         1,   100.000,    39.180,    30.000,     2.100, 30000.000,     1.200,    40.000,     2.400,  0.20E+04,  5000.000,   170.000,     9.000,     0.060,     1.000,     0.260,     0.100,     0.000,     1.500,   298.000,   273.000,     2.000,     0.190,
 10,         1,    65.000,    54.530,    30.000,     2.100, 30000.000,     1.200,    40.000,     2.400,  0.20E+04,  5000.000,    70.000,     9.000,     0.060,     1.000,     0.800,     0.320,     0.010,     1.500,   298.000,   273.000,     2.000,     0.400,
 11,         1,    30.000,    54.530,    30.000,     2.100, 30000.000,     1.200,    60.000,     2.400,  0.20E+04,  5000.000,   100.000,     9.000,     0.060,     1.000,     3.000,     0.100,     0.010,     1.500,   298.000,   273.000,     2.000,     0.400,
 12,         1,    30.000,    47.350,    30.000,     2.100, 30000.000,     1.200,    60.000,     2.400,  0.20E+04,  5000.000,   150.000,     6.000,     0.060,     1.000,     4.000,     0.640,     0.050,     1.500,   298.000,   268.000,     2.000,     0.370,
 13,         1,    30.000,    41.690,    30.000,     2.100, 30000.000,     1.200,    60.000,     2.400,  0.20E+04,  5000.000,   150.000,     9.000,     0.060,     1.000,     0.650,     0.300,     0.050,     1.500,   298.000,   273.000,     2.000,     0.230,
 14,         1,    30.000,    47.350,    30.000,     2.100, 30000.000,     1.200,    50.000,     2.400,  0.20E+04,  5000.000,   125.000,     6.000,     0.060,     1.000,     3.000,     0.900,     0.360,     1.500,   298.000,   265.000,     2.000,     0.370,
 15,         1,    30.000,    51.930,    30.000,     2.100, 30000.000,     1.200,    55.000,     2.400,  0.20E+04,  5000.000,   125.000,     9.000,     0.060,     1.000,     3.000,     0.800,     0.030,     1.500,   298.000,   268.000,     2.000,     0.300,
 16,         1,    30.000,    51.750,    30.000,     2.100, 30000.000,     1.200,     0.000,     2.400,  0.10E+16,  5000.000,   100.000,     9.000,     0.000,     1.000,     0.000,     0.000,     0.000,     0.000,   298.000,     0.000,     2.000,     0.000,
 17,         1,   100.000,    60.000,    30.000,     2.100, 30000.000,     1.200,    50.000,     2.400,  0.20E+04,  5000.000,    40.000,     9.000,     0.060,     1.000,     3.200,     0.100,     0.000,     1.500,   298.000,   268.000,     2.000,     0.170,
 18,         1,    30.000,    51.930,    30.000,     2.100, 30000.000,     1.200,    50.000,     2.400,  0.20E+04,  5000.000,   100.000,     9.000,     0.060,     1.000,     3.200,     0.100,     0.000,     1.500,   298.000,   268.000,     2.000,     0.400,
 19,         1,   999.000,   999.000,    30.000,     2.100, 30000.000,     1.200,     0.000,     2.400,  0.20E+04,  5000.000,   999.000,     9.000,     0.060,     1.000,     0.000,     0.000,     0.000,     1.500,   298.000,     0.000,     2.000,     0.000,
 20,         1,   100.000,    42.000,    30.000,     2.100, 30000.000,     1.200,    50.000,     2.400,  0.20E+04,  5000.000,   150.000,     9.000,     0.060,     1.000,     3.200,     0.100,     2.110,     1.500,   298.000,   268.000,     2.000,     0.170,
 21,         1,   100.000,    42.000,    30.000,     2.100, 30000.000,     1.200,    50.000,     2.400,  0.20E+04,  5000.000,   150.000,     9.000,     0.060,     1.000,     3.000,     0.100,     2.110,     1.500,   298.000,   268.000,     2.000,     0.230,
 22,         1,   100.000,    42.000,    30.000,     2.100, 30000.000,     1.200,    50.000,     2.400,  0.20E+04,  5000.000,   150.000,     9.000,     0.060,     1.000,     3.000,     0.100,     2.110,     1.500,   298.000,   268.000,     2.000,     0.200,
 23,         1,   100.000,    42.000,    30.000,     2.100, 30000.000,     1.200,    50.000,     2.400,  0.20E+04,  5000.000,   200.000,     9.000,     0.060,     1.000,     3.000,     0.000,     0.000,     1.500,   298.000,   268.000,     2.000,     0.000,
 24,         1,   999.000,   999.000,    30.000,     2.100, 30000.000,     1.200,     0.000,     2.400,  0.10E+16,  5000.000,   999.000,     9.000,     0.000,     1.000,     0.000,     0.000,     0.000,     0.000,   298.000,     0.000,     2.000,     0.000,
 25,         1,   100.000,    36.250,    30.000,     2.100, 30000.000,     1.200,    50.000,     2.400,  0.20E+04,  5000.000,    40.000,     9.000,     0.060,     1.000,     3.000,     0.000,     0.000,     1.500,   298.000,   268.000,     2.000,     0.200,
 26,         1,   999.000,   999.000,    30.000,     2.100, 30000.000,     1.200,     0.000,     2.400,  0.10E+16,  5000.000,   999.000,     9.000,     0.000,     1.000,     0.000,     0.000,     0.000,     0.000,   298.000,     0.000,     2.000,     0.000,
 27,         1,   999.000,   999.000,    30.000,     2.100, 30000.000,     1.200,     0.000,     2.400,  0.10E+16,  5000.000,   999.000,     9.000,     0.000,     1.000,     0.000,     0.000,     0.000,     0.000,   298.000,     0.000,     2.000,     0.000,

&VOC#USGS
 27,    SLAREA,     EPS-1,     EPS-2,     EPS-3,     EPS-4,     EPS-5,
  1,     0.023,    41.870,     0.980,     1.820,     0.000,     0.000,
  2,     0.020,     0.000,     0.000,     0.000,     0.000,     0.000,
  3,     0.020,     0.000,     0.000,     0.000,     0.000,     0.000,
  4,     0.030,     2.520,     0.160,     0.230,     0.000,     0.000,
  5,     0.022,     0.040,     0.090,     0.050,     0.000,     0.000,
  6,     0.028,    17.110,     0.280,     0.810,     0.000,     0.000,
  7,     0.006,     0.020,     0.050,     0.030,     0.000,     0.000,
  8,     0.023,    21.620,     0.920,     1.730,     0.000,     0.000,
  9,     0.019,     0.110,     0.220,     1.260,     0.000,     0.000,
 10,     0.024,    22.800,     0.590,     1.370,     0.000,     0.000,
 11,     0.026,    46.860,     0.380,     1.840,     0.000,     0.000,
 12,     0.020,     0.000,     0.000,     0.000,     0.000,     0.000,
 13,     0.020,     0.000,     0.000,     0.000,     0.000,     0.000,
 14,     0.009,     0.460,     3.340,     1.850,     0.000,     0.000,
 15,     0.022,    30.980,     0.960,     1.840,     0.000,     0.000,
 16,     0.042,     2.310,     1.470,     1.700,     0.000,     0.000,
 17,     0.039,     1.630,     1.070,     1.210,     0.000,     0.000,
 18,     0.020,     0.000,     0.000,     0.000,     0.000,     0.000,
 19,     0.020,     0.000,     0.000,     0.000,     0.000,     0.000,
 20,     0.020,     0.000,     0.000,     0.000,     0.000,     0.000,
 21,     0.020,     0.000,     0.000,     0.000,     0.000,     0.000,
 22,     0.020,     0.000,     0.000,     0.000,     0.000,     0.000,
 23,     0.020,     0.000,     0.000,     0.000,     0.000,     0.000,
 24,     0.020,     0.000,     0.000,     0.000,     0.000,     0.000,
 25,     0.020,     0.000,     0.000,     0.000,     0.000,     0.000,
 26,     0.020,     0.000,     0.000,     0.000,     0.000,     0.000,
 27,     0.020,     0.000,     0.000,     0.000,     0.000,     0.000,

&====

&ISURBAN#MODIFIED_IGBP_MODIS_NOAH
13
&ISWATER#MODIFIED_IGBP_MODIS_NOAH
17
&ISBARREN#MODIFIED_IGBP_MODIS_NOAH
16
&ISICE#MODIFIED_IGBP_MODIS_NOAH
15
&ISEGBLF#MODIFIED_IGBP_MODIS_NOAH
2

&DESCRIPTION#MODIFIED_IGBP_MODIS_NOAH
 20, DESCRIPTION
  1         'Evergreen Needleleaf Forest',                       -> USGS 14
  2,        'Evergreen Broadleaf Forest',                        -> USGS 13
  3,        'Deciduous Needleleaf Forest',                       -> USGS 12
  4,        'Deciduous Broadleaf Forest',                        -> USGS 11
  5,        'Mixed Forests',                                     -> USGS 15
  6,        'Closed Shrublands',                                 -> USGS  8 "shrubland"
  7,        'Open Shrublands',                                   -> USGS  9 "shrubland/grassland"
  8,        'Woody Savannas',                                    -> USGS  8 "shrubland"
  9,        'Savannas',                                          -> USGS 10
 10,        'Grasslands',                                        -> USGS  7
 11         'Permanent wetlands',                                -> avg of USGS 17 and 18 (herb. wooded wetland)
 12,        'Croplands',                                         -> USGS  2 "dryland cropland"
 13,        'Urban and Built-Up',                                -> USGS  1
 14         'cropland/natural vegetation mosaic',                -> USGS  5 "cropland/grassland"
 15,        'Snow and Ice',                                      -> USGS 24
 16,        'Barren or Sparsely Vegetated',                      -> USGS 19
 17,        'Water',                                             -> USGS 16
 18,        'Wooded Tundra',                                     -> USGS 21
 19,        'Mixed Tundra',                                      -> USGS 22
 20,        'Barren Tundra',                                     -> USGS 23

&RAD#MODIFIED_IGBP_MODIS_NOAH
 20,        XL,  RHOL-VIS,  RHOL-NIR,  RHOS-VIS,  RHOS-NIR,  TAUL-VIS,  TAUL-NIR,  TAUS-VIS,  TAUS-NIR, DESCRIPTION
  1,     0.010,     0.070,     0.350,     0.160,     0.390,     0.050,     0.100,     0.001,     0.001,
  2,     0.010,     0.100,     0.450,     0.160,     0.390,     0.050,     0.250,     0.001,     0.001,
  3,     0.010,     0.070,     0.350,     0.160,     0.390,     0.050,     0.100,     0.001,     0.001,
  4,     0.250,     0.100,     0.450,     0.160,     0.390,     0.050,     0.250,     0.001,     0.001,
  5,     0.250,     0.100,     0.450,     0.160,     0.390,     0.050,     0.250,     0.001,     0.001,
  6,     0.010,     0.070,     0.350,     0.160,     0.390,     0.050,     0.100,     0.001,     0.001,
  7,     0.250,     0.100,     0.450,     0.160,     0.390,     0.050,     0.100,     0.001,     0.001,
  8,     0.010,     0.070,     0.350,     0.160,     0.390,     0.050,     0.100,     0.001,     0.001,
  9,     0.010,     0.100,     0.450,     0.160,     0.390,     0.050,     0.250,     0.001,     0.001,
 10,    -0.300,     0.110,     0.580,     0.360,     0.580,     0.070,     0.250,     0.220,     0.380,
 11,    -0.025,     0.105,     0.515,     0.260,     0.485,     0.060,     0.250,     0.111,     0.191,
 12,    -0.300,     0.110,     0.580,     0.360,     0.580,     0.070,     0.250,     0.220,     0.380,
 13,     0.000,     0.000,     0.000,     0.000,     0.000,     0.000,     0.000,     0.000,     0.000,
 14,    -0.300,     0.110,     0.580,     0.360,     0.580,     0.070,     0.250,     0.220,     0.380,
 15,     0.000,     0.000,     0.000,     0.000,     0.000,     0.000,     0.000,     0.000,     0.000,
 16,     0.000,     0.000,     0.000,     0.000,     0.000,     0.000,     0.000,     0.000,     0.000,
 17,     0.000,     0.000,     0.000,     0.000,     0.000,     0.000,     0.000,     0.000,     0.000,
 18,     0.250,     0.100,     0.450,     0.160,     0.390,     0.050,     0.250,     0.001,     0.001,
 19,     0.250,     0.100,     0.450,     0.160,     0.390,     0.050,     0.250,     0.001,     0.001,
 20,     0.250,     0.100,     0.450,     0.160,     0.390,     0.050,     0.250,     0.001,     0.001,

&LAI12M#MODIFIED_IGBP_MODIS_NOAH
 20,   LAI-JAN,   LAI-FEB,   LAI-MAR,   LAI-APR,   LAI-MAY,   LAI-JUN,   LAI-JUL,   LAI-AUG,   LAI-SEP,   LAI-OCT,   LAI-NOV,   LAI-DEC,
  1,     1.600,     1.600,     1.600,     1.600,     5.300,     5.500,     5.300,     5.300,     4.200,     2.200,     2.200,     2.200,
  2,     4.500,     4.500,     4.500,     4.500,     4.500,     4.500,     4.500,     4.500,     4.500,     4.500,     4.500,     4.500,
  3,     0.000,     0.000,     0.000,     0.600,     1.200,     2.000,     2.600,     1.700,     1.000,     0.500,     0.200,     0.000,
  4,     0.000,     0.000,     0.300,     1.200,     3.000,     4.700,     4.500,     3.400,     1.200,     0.300,     0.000,     0.000,
  5,     1.000,     1.000,     1.000,     1.000,     2.300,     3.500,     4.300,     3.300,     2.200,     1.200,     1.200,     1.200,
  6,     1.000,     1.000,     1.000,     1.000,     1.000,     1.000,     1.000,     1.000,     1.000,     1.000,     1.000,     1.000,
  7,     1.000,     1.000,     1.000,     1.500,     2.000,     2.500,     3.000,     2.500,     1.500,     1.000,     1.000,     1.000,
  8,     1.000,     1.000,     1.000,     1.000,     1.000,     1.000,     1.000,     1.000,     1.000,     1.000,     1.000,     1.000,
  9,     1.000,     1.000,     1.000,     1.000,     1.000,     1.000,     1.000,     1.000,     1.000,     1.000,     1.000,     1.000,
 10,     0.400,     0.500,     0.600,     0.700,     1.200,     3.000,     3.500,     1.500,     0.700,     0.600,     0.500,     0.400,
 11,     0.300,     0.450,     0.500,     0.550,     0.850,     1.850,     2.600,     2.250,     1.600,     1.100,     0.650,     0.400,
 12,     0.000,     0.000,     0.000,     0.000,     1.000,     2.000,     3.000,     3.000,     1.500,     0.000,     0.000,     0.000,
 13,     0.000,     0.000,     0.000,     0.000,     0.000,     0.000,     0.000,     0.000,     0.000,     0.000,     0.000,     0.000,
 14,     0.400,     0.500,     0.600,     0.700,     1.200,     3.000,     3.500,     1.500,     0.700,     0.600,     0.500,     0.400,
 15,     0.000,     0.000,     0.000,     0.000,     0.000,     0.000,     0.000,     0.000,     0.000,     0.000,     0.000,     0.000,
 16,     0.000,     0.000,     0.000,     0.000,     0.000,     0.000,     0.000,     0.000,     0.000,     0.000,     0.000,     0.000,
 17,     0.000,     0.000,     0.000,     0.000,     0.000,     0.000,     0.000,     0.000,     0.000,     0.000,     0.000,     0.000,
 18,     0.000,     0.000,     0.000,     0.200,     0.500,     1.000,     2.000,     1.000,     0.500,     0.200,     0.000,     0.000,
 19,     0.000,     0.000,     0.000,     0.200,     0.500,     1.000,     2.000,     1.000,     0.500,     0.200,     0.000,     0.000,
 20,     0.000,     0.000,     0.000,     0.000,     0.000,     0.000,     0.000,     0.000,     0.000,     0.000,     0.000,     0.000,

&SAI12M#MODIFIED_IGBP_MODIS_NOAH
 20,   SAI-JAN,   SAI-FEB,   SAI-MAR,   SAI-APR,   SAI-MAY,   SAI-JUN,   SAI-JUL,   SAI-AUG,   SAI-SEP,   SAI-OCT,   SAI-NOV,   SAI-DEC,
  1,     0.400,     0.400,     0.400,     0.300,     0.400,     0.500,     0.500,     0.600,     0.600,     0.700,     0.600,     0.500,
  2,     0.500,     0.500,     0.500,     0.500,     0.500,     0.500,     0.500,     0.500,     0.500,     0.500,     0.500,     0.500,
  3,     0.300,     0.300,     0.300,     0.400,     0.400,     0.700,     1.300,     1.200,     1.000,     0.800,     0.600,     0.500,
  4,     0.400,     0.400,     0.400,     0.400,     0.400,     0.400,     0.900,     1.200,     1.600,     1.400,     0.600,     0.400,
  5,     0.400,     0.400,     0.400,     0.400,     0.400,     0.400,     0.700,     0.800,     1.000,     1.000,     0.500,     0.400,
  6,     0.100,     0.100,     0.100,     0.100,     0.100,     0.200,     0.200,     0.100,     0.100,     0.100,     0.100,     0.100,
  7,     0.200,     0.200,     0.200,     0.200,     0.200,     0.300,     0.500,     0.800,     0.500,     0.200,     0.200,     0.200,
  8,     0.300,     0.300,     0.300,     0.300,     0.300,     0.400,     0.800,     1.200,     1.500,     1.300,     0.500,     0.400,
  9,     0.300,     0.300,     0.300,     0.300,     0.300,     0.400,     0.800,     1.200,     1.300,     0.900,     0.500,     0.400,
 10,     0.300,     0.300,     0.300,     0.300,     0.300,     0.400,     0.800,     1.300,     1.100,     0.400,     0.400,     0.400,
 11,     0.300,     0.300,     0.300,     0.300,     0.300,     0.400,     0.500,     1.300,     1.100,     0.400,     0.400,     0.400,
 12,     0.100,     0.100,     0.100,     0.100,     0.200,     0.300,     0.400,     0.500,     0.400,     0.100,     0.100,     0.100,
 13,     0.000,     0.000,     0.000,     0.000,     0.000,     0.000,     0.000,     0.000,     0.000,     0.000,     0.000,     0.000,
 14,     0.200,     0.200,     0.200,     0.200,     0.100,     0.200,     0.300,     0.500,     0.400,     0.200,     0.200,     0.200,
 15,     0.000,     0.000,     0.000,     0.000,     0.000,     0.000,     0.000,     0.000,     0.000,     0.000,     0.000,     0.000,
 16,     0.000,     0.000,     0.000,     0.000,     0.000,     0.000,     0.000,     0.000,     0.000,     0.000,     0.000,     0.000,
 17,     0.000,     0.000,     0.000,     0.000,     0.000,     0.000,     0.000,     0.000,     0.000,     0.000,     0.000,     0.000,
 18,     0.200,     0.200,     0.200,     0.200,     0.200,     0.200,     0.400,     0.600,     0.800,     0.700,     0.300,     0.200,
 19,     0.100,     0.100,     0.100,     0.100,     0.100,     0.200,     0.400,     0.600,     0.700,     0.500,     0.300,     0.200,
 20,     0.000,     0.000,     0.000,     0.000,     0.000,     0.000,     0.000,     0.000,     0.000,     0.000,     0.000,     0.000,

&DVEG#MODIFIED_IGBP_MODIS_NOAH
 20,       SLA,    DILEFC,    DILEFW,     FRAGR,    LTOVRC,     WRRAT,    WDPOOL,     TDLEF,
  1,    80.000,     1.200,     0.200,     0.100,     0.500,    30.000,     1.000,   278.000,
  2,    80.000,     0.500,     4.000,     0.200,     0.550,    30.000,     1.000,   278.000,
  3,    80.000,     1.800,     0.200,     0.100,     0.200,    30.000,     1.000,   268.000,
  4,    80.000,     0.600,     0.200,     0.200,     0.550,    30.000,     1.000,   278.000,
  5,    80.000,     0.800,     0.200,     0.100,     0.500,    30.000,     1.000,   268.000,
  6,    60.000,     0.200,     0.200,     0.200,     0.650,     3.000,     1.000,   278.000,
  7,    60.000,     0.500,     0.200,     0.200,     0.700,     3.000,     1.000,   278.000,
  8,    60.000,     0.200,     0.200,     0.200,     0.650,     3.000,     1.000,   278.000,
  9,    50.000,     0.500,     0.500,     0.200,     0.650,     3.000,     1.000,   278.000,
 10,    60.000,     0.200,     0.100,     0.200,     0.500,     0.000,     0.000,   278.000,
 11,    80.000,     0.400,     0.200,     0.100,     1.400,    15.000,     0.500,   268.000,
 12,    80.000,     0.500,     0.200,     0.200,     1.600,     0.000,     0.000,   278.000,
 13,    60.000,     0.000,     0.000,     0.000,     0.000,     0.000,     0.000,   278.000,
 14,    80.000,     0.350,     0.200,     0.200,     1.200,     0.000,     0.000,   278.000,
 15,     0.000,     0.000,     0.000,     0.000,     0.000,     0.000,     0.000,     0.000,
 16,     0.000,     0.000,     0.000,     0.100,     0.000,     0.000,     0.000,     0.000,
 17,     0.000,     0.000,     0.000,     0.000,     0.000,     0.000,     0.000,     0.000,
 18,    80.000,     0.300,     0.200,     0.100,     1.300,     3.000,     1.000,   268.000,
 19,    80.000,     0.400,     0.200,     0.100,     1.400,     3.000,     1.000,   268.000,
 20,    80.000,     0.300,     0.200,     0.100,     1.000,     0.000,     0.000,   268.000,

&PHYS#MODIFIED_IGBP_MODIS_NOAH
 20,     NROOT,   CANWMXP,     DLEAF,     Z0MVT,       HVT,      HVB,        DEN,    RCORWN,     CWPVT,
  1,         4,     0.100,     0.040,     1.090,    20.000,     8.500,     0.280,     1.200,     0.180,
  2,         4,     0.100,     0.040,     1.100,    20.000,     8.000,     0.020,     3.600,     0.180,
  3,         4,     0.100,     0.040,     0.850,    18.000,     7.000,     0.280,     1.200,     0.180,
  4,         4,     0.100,     0.040,     0.800,    16.000,    11.500,     0.100,     1.400,     0.180,
  5,         4,     0.100,     0.040,     0.800,    16.000,    10.000,     0.100,     1.400,     0.180,
  6,         3,     0.100,     0.040,     0.060,     0.500,     0.100,    10.000,     0.120,     0.180,
  7,         3,     0.100,     0.040,     0.060,     0.500,     0.100,    10.000,     0.120,     0.180,
  8,         3,     0.100,     0.040,     0.060,     0.500,     0.100,    10.000,     0.120,     0.180,
  9,         3,     0.100,     0.040,     0.860,    16.000,     5.000,     0.020,     3.000,     0.180,
 10,         3,     0.100,     0.040,     0.060,     0.500,     0.050,   100.000,     0.030,     0.180,
 11,         2,     0.100,     0.040,     0.055,     0.650,     0.075,     5.050,     0.750,     0.180,
 12,         3,     0.100,     0.040,     0.060,     0.500,     0.100,    25.000,     0.080,     0.180,
 13,         1,     0.100,     0.040,     1.000,    15.000,     1.000,     0.010,     1.000,     0.180,
 14,         3,     0.100,     0.040,     0.060,     0.500,     0.100,    25.000,     0.080,     0.180,
 15,         1,     0.100,     0.040,     0.000,     0.000,     0.000,     0.000,     0.000,     0.180,
 16,         1,     0.100,     0.040,     0.000,     0.000,     0.000,     0.010,     0.010,     0.180,
 17,         0,     0.100,     0.040,     0.000,     0.000,     0.000,     0.010,     0.010,     0.180,
 18,         3,     0.100,     0.040,     0.060,     0.800,     0.100,     1.000,     0.300,     0.180,
 19,         3,     0.100,     0.040,     0.060,     0.800,     0.100,     1.000,     0.300,     0.180,
 20,         2,     0.100,     0.040,     0.030,     0.500,     0.100,     1.000,     0.300,     0.180,

&PHOTO#MODIFIED_IGBP_MODIS_NOAH
 20,      C3C4,       RGL,        HS,      KC25,       AKC,      KO25,       AKO,   VCMAX25,    AVCMAX,        BP,     RSMAX,     RSMIN,        MP,      QE25,       AQE,     RMF25,     RMS25,     RMR25,   FOLNMAX,      TOPT,      TMIN,       ARM,       MRP,
  1,         1,    30.000,    47.350,    30.000,     2.100, 30000.000,     1.200,    50.000,     2.400,  0.20E+04,  5000.000,   125.000,     6.000,     0.060,     1.000,     3.000,     0.900,     0.360,     1.500,   298.000,   265.000,     2.000,     0.370,
  2,         1,    30.000,    41.690,    30.000,     2.100, 30000.000,     1.200,    60.000,     2.400,  0.20E+04,  5000.000,   150.000,     9.000,     0.060,     1.000,     0.650,     0.300,     0.050,     1.500,   298.000,   273.000,     2.000,     0.230,
  3,         1,    30.000,    47.350,    30.000,     2.100, 30000.000,     1.200,    60.000,     2.400,  0.20E+04,  5000.000,   150.000,     6.000,     0.060,     1.000,     4.000,     0.640,     0.050,     1.500,   298.000,   268.000,     2.000,     0.370,
  4,         1,    30.000,    54.530,    30.000,     2.100, 30000.000,     1.200,    60.000,     2.400,  0.20E+04,  5000.000,   100.000,     9.000,     0.060,     1.000,     3.000,     0.100,     0.010,     1.500,   298.000,   273.000,     2.000,     0.400,
  5,         1,    30.000,    51.930,    30.000,     2.100, 30000.000,     1.200,    55.000,     2.400,  0.20E+04,  5000.000,   125.000,     9.000,     0.060,     1.000,     3.000,     0.800,     0.030,     1.500,   298.000,   268.000,     2.000,     0.300,
  6,         1,   100.000,    42.000,    30.000,     2.100, 30000.000,     1.200,    40.000,     2.400,  0.20E+04,  5000.000,   300.000,     9.000,     0.060,     1.000,     0.260,     0.100,     0.000,     1.500,   298.000,   273.000,     2.000,     0.190,
  7,         1,   100.000,    39.180,    30.000,     2.100, 30000.000,     1.200,    40.000,     2.400,  0.20E+04,  5000.000,   170.000,     9.000,     0.060,     1.000,     0.260,     0.100,     0.000,     1.500,   298.000,   273.000,     2.000,     0.190,
  8,         1,   100.000,    42.000,    30.000,     2.100, 30000.000,     1.200,    40.000,     2.400,  0.20E+04,  5000.000,   300.000,     9.000,     0.060,     1.000,     0.260,     0.100,     0.000,     1.500,   298.000,   273.000,     2.000,     0.190,
  9,         1,    65.000,    54.530,    30.000,     2.100, 30000.000,     1.200,    40.000,     2.400,  0.20E+04,  5000.000,    70.000,     9.000,     0.060,     1.000,     0.800,     0.320,     0.010,     1.500,   298.000,   273.000,     2.000,     0.400,
 10,         1,   100.000,    36.350,    30.000,     2.100, 30000.000,     1.200,    40.000,     2.400,  0.20E+04,  5000.000,    40.000,     9.000,     0.060,     1.000,     1.800,     0.100,     1.200,     1.500,   298.000,   273.000,     2.000,     0.170,
 11,         1,    65.000,    55.970,    30.000,     2.100, 30000.000,     1.200,    50.000,     2.400,  0.20E+04,  5000.000,    70.000,     9.000,     0.060,     1.000,     3.200,     0.100,     0.000,     1.500,   298.000,   268.000,     2.000,     0.285,
 12,         1,   100.000,    36.250,    30.000,     2.100, 30000.000,     1.200,    80.000,     2.400,  0.20E+04,  5000.000,    40.000,     9.000,     0.060,     1.000,     1.000,     0.100,     0.000,     1.500,   298.000,   273.000,     2.000,     0.230,
 13,         1,   999.000,   999.000,    30.000,     2.100, 30000.000,     1.200,     0.000,     2.400,  0.10E+16,  5000.000,   200.000,     9.000,     0.000,     1.000,     0.000,     0.000,     0.000,     0.000,   298.000,     0.000,     2.000,     0.000,
 14,         1,   100.000,    36.250,    30.000,     2.100, 30000.000,     1.200,    60.000,     2.400,  0.20E+04,  5000.000,    40.000,     9.000,     0.060,     1.000,     1.450,     0.100,     0.000,     1.500,   298.000,   273.000,     2.000,     0.230,
 15,         1,   999.000,   999.000,    30.000,     2.100, 30000.000,     1.200,     0.000,     2.400,  0.10E+16,  5000.000,   999.000,     9.000,     0.000,     1.000,     0.000,     0.000,     0.000,     0.000,   298.000,     0.000,     2.000,     0.000,
 16,         1,   999.000,   999.000,    30.000,     2.100, 30000.000,     1.200,     0.000,     2.400,  0.20E+04,  5000.000,   999.000,     9.000,     0.060,     1.000,     0.000,     0.000,     0.000,     1.500,   298.000,     0.000,     2.000,     0.000,
 17,         1,    30.000,    51.750,    30.000,     2.100, 30000.000,     1.200,     0.000,     2.400,  0.10E+16,  5000.000,   100.000,     9.000,     0.000,     1.000,     0.000,     0.000,     0.000,     0.000,   298.000,     0.000,     2.000,     0.000,
 18,         1,   100.000,    42.000,    30.000,     2.100, 30000.000,     1.200,    50.000,     2.400,  0.20E+04,  5000.000,   150.000,     9.000,     0.060,     1.000,     3.000,     0.100,     2.110,     1.500,   298.000,   268.000,     2.000,     0.230,
 19,         1,   100.000,    42.000,    30.000,     2.100, 30000.000,     1.200,    50.000,     2.400,  0.20E+04,  5000.000,   150.000,     9.000,     0.060,     1.000,     3.000,     0.100,     2.110,     1.500,   298.000,   268.000,     2.000,     0.200,
 20,         1,   100.000,    42.000,    30.000,     2.100, 30000.000,     1.200,    50.000,     2.400,  0.20E+04,  5000.000,   200.000,     9.000,     0.060,     1.000,     3.000,     0.000,     0.000,     1.500,   298.000,   268.000,     2.000,     0.000,

&VOC#MODIFIED_IGBP_MODIS_NOAH
 20,    SLAREA,     EPS-1,     EPS-2,     EPS-3,     EPS-4,     EPS-5,
  1,     0.009,     0.460,     3.340,     1.850,     0.000,     0.000,
  2,     0.020,     0.000,     0.000,     0.000,     0.000,     0.000,
  3,     0.020,     0.000,     0.000,     0.000,     0.000,     0.000,
  4,     0.026,    46.860,     0.380,     1.840,     0.000,     0.000,
  5,     0.022,    30.980,     0.960,     1.840,     0.000,     0.000,
  6,     0.023,    21.620,     0.920,     1.730,     0.000,     0.000,
  7,     0.019,     0.110,     0.220,     1.260,     0.000,     0.000,
  8,     0.023,    21.620,     0.920,     1.730,     0.000,     0.000,
  9,     0.024,    22.800,     0.590,     1.370,     0.000,     0.000,
 10,     0.006,     0.020,     0.050,     0.030,     0.000,     0.000,
 11,     0.030,     0.815,     0.535,     0.605,     0.000,     0.000,
 12,     0.020,     0.000,     0.000,     0.000,     0.000,     0.000,
 13,     0.023,    41.870,     0.980,     1.820,     0.000,     0.000,
 14,     0.022,     0.040,     0.090,     0.050,     0.000,     0.000,
 15,     0.020,     0.000,     0.000,     0.000,     0.000,     0.000,
 16,     0.020,     0.000,     0.000,     0.000,     0.000,     0.000,
 17,     0.042,     2.310,     1.470,     1.700,     0.000,     0.000,
 18,     0.020,     0.000,     0.000,     0.000,     0.000,     0.000,
 19,     0.020,     0.000,     0.000,     0.000,     0.000,     0.000,
 20,     0.020,     0.000,     0.000,     0.000,     0.000,     0.000,